 SO = 100;
 K = 100;
 T = 1.0;

